2 1864
45 1898
51 1969
58 1987
64 1915
71 1855
77 1799
84 1739
90 1685
96 1629
103 1579
109 1545
116 1483
122 1524
129 1578
135 1647
141 1707
148 1762
154 1805
161 1869
167 1920
174 1969
180 1975
186 1929
193 1870
199 1806
206 1744
212 1689
219 1645
225 1591
231 1535
238 1487
244 1511
251 1587
257 1639
264 1702
270 1762
276 1806
283 1869
289 1915
296 1957
302 2000
309 1929
315 1868
321 1809
328 1747
334 1694
341 1637
347 1587
354 1539
360 1487
366 1512
373 1574
379 1639
386 1686
392 1751
399 1813
405 1859
411 1896
418 1955
424 1982
431 1941
437 1881
444 1792
450 1753
456 1720
463 1643
469 1595
476 1557
482 1491
489 1505
495 1571
501 1633
508 1689
514 1743
521 1795
527 1861
534 1910
540 1954
546 2000
553 1938
559 1874
566 1816
572 1750
579 1693
585 1646
591 1570
598 1543
604 1496
611 1492
617 1557
624 1632
630 1686
636 1739
643 1785
649 1852
656 1903
662 1950
669 1990
675 1944
681 1878
688 1831
694 1749
701 1706
707 1653
714 1597
720 1548
726 1492
733 1492
739 1559
746 1623
752 1668
759 1730
765 1793
771 1857
778 1922
784 1926
791 1995
797 1955
804 1885
810 1833
816 1768
823 1718
829 1654
836 1603
842 1558
849 1507
855 1494
861 1554
868 1614
874 1677
881 1732
887 1791
894 1844
900 1896
906 1942
913 1990
919 1956
926 1890
932 1832
939 1762
945 1716
951 1659
958 1608
964 1553
971 1508
977 1461
984 1538
990 1615
996 1673
1003 1722
1009 1786
1016 1838
1022 1894
1029 1942
1035 1986
1041 1952
1048 1892
1054 1830
1061 1779
1067 1720
1074 1662
1080 1610
1086 1559
1093 1467
1099 1477
1106 1546
1112 1611
1119 1667
1125 1727
1131 1781
1138 1840
1144 1899
1151 1943
1157 1987
1164 1965
1170 1897
1176 1836
1183 1777
1189 1727
1196 1687
1202 1613
1209 1562
1215 1514
1221 1517
1228 1529
1234 1617
1241 1674
1247 1717
1254 1777
1260 1825
1266 1888
1273 1935
1279 1985
1286 1972
1292 1906
1299 1843
1305 1786
1311 1730
1318 1668
1324 1623
1331 1563
1337 1517
1344 1485
1350 1540
1356 1603
1363 1660
1369 1712
1376 1773
1382 1828
1389 1883
1395 1933
1401 1989
1408 1974
1414 1910
1421 1852
1427 1777
1434 1731
1440 1675
1446 1649
1453 1559
1459 1526
1466 1472
1472 1528
1479 1593
1485 1624
1491 1715
1498 1769
1504 1824
1511 1874
1517 1927
1524 1974
1530 1982
1536 1904
1543 1847
1549 1794
1556 1736
1562 1681
1569 1633
1575 1578
1581 1537
1588 1480
1594 1532
1601 1605
1607 1660
1614 1708
1620 1761
1626 1816
1633 1880
1639 1921
1646 1980
1652 1977
1659 1922
1665 1856
1671 1796
1678 1732
