2 943
55 1142
71 1326
87 1510
104 1668
120 1808
137 1938
153 2057
169 2162
186 2263
202 2357
219 2438
235 2513
251 2589
268 2642
284 2703
301 2746
317 2796
333 2839
350 2888
366 2915
382 2951
399 2980
415 3008
432 3036
448 3049
464 3067
481 3096
497 3108
514 3127
530 3138
546 3176
563 3164
579 3174
596 3183
612 3195
628 3032
645 2776
661 2546
678 2330
694 2145
710 1976
727 1820
743 1679
760 1547
776 1389
792 1316
809 1213
825 1129
843 1041
859 969
875 905
892 835
908 782
924 721
941 677
957 632
974 569
990 571
1006 529
1023 500
1039 471
1056 445
1072 421
1088 402
1105 385
1121 369
1138 312
1154 345
1170 328
1187 310
1203 300
1220 295
1236 282
1252 437
1269 687
1285 890
1302 1116
1318 1308
1334 1481
1351 1643
1367 1786
1383 1928
1400 2042
1416 2149
1433 2247
1449 2341
1465 2421
1482 2502
1498 2563
1515 2633
1531 2686
1547 2743
1564 2788
1580 2835
1597 2863
1613 2903
1629 2943
1646 2970
1662 2994
1679 3027
1695 3052
1711 3064
1728 3102
1744 3111
1761 3122
1777 3125
1793 3159
1810 3176
1827 3175
1844 3178
1861 3195
1877 3035
1893 2779
1910 2554
1926 2339
1943 2154
1959 1982
1975 1831
1992 1685
2008 1554
2025 1433
2041 1321
2057 1226
2074 1134
2090 1047
2107 979
2123 905
2139 845
2156 784
2172 738
2189 686
2205 642
2221 601
2238 564
2254 556
2271 489
2287 474
2303 447
2320 431
2336 394
2352 391
2369 369
2385 354
2402 331
2418 311
2434 313
2451 299
2467 295
2484 285
2500 386
2516 647
2533 882
2549 1098
2566 1288
2582 1460
2598 1628
2615 1773
2631 1902
2648 2028
2664 2139
2680 2245
2697 2332
2713 2397
2730 2486
2746 2562
2762 2621
2779 2703
2795 2728
2811 2782
2829 2831
2845 2883
2862 2904
2878 2936
2895 2970
2911 3002
2927 3027
2944 3047
2960 3072
2977 3087
2993 3105
3009 3117
3026 3138
3042 3151
3059 3163
3075 3171
3091 3182
3108 3193
3124 3084
3140 2825
3157 2596
3173 2389
3190 2187
3206 2012
3222 1851
3239 1707
3255 1570
3272 1450
3288 1337
3304 1251
3321 1121
3337 1060
3354 978
3370 914
3386 849
3403 795
3419 748
3436 682
3452 648
3468 606
3485 570
3501 534
3518 513
3534 467
3550 450
3567 425
3583 404
3599 385
3616 369
3632 358
3649 339
3665 328
3681 309
3698 285
3714 294
3731 273
3747 343
3763 610
3780 840
3796 1058
3813 1257
3831 1473
3848 1619
3864 1763
3881 1900
3897 2021
3913 2133
3930 2235
3946 2326
3963 2410
3979 2497
3995 2559
4012 2620
4028 2679
4045 2739
4061 2769
4077 2835
4094 2870
4110 2904
4127 2941
4143 2976
4159 2995
4176 3020
4192 3041
4208 3066
4225 3086
