2 859
65 1202
92 1485
118 1753
144 1951
171 2134
197 2287
223 2433
250 2542
276 2639
303 2746
329 2812
355 2883
382 2939
408 2985
435 3030
461 3069
487 3095
514 3137
540 3144
567 3170
593 3191
619 3198
646 3220
672 3235
699 3212
725 3248
751 3254
778 3254
805 3259
832 3263
858 3270
884 3273
911 3257
937 3279
964 3280
990 3283
1016 3289
1043 3296
1069 3286
1096 3289
1122 3299
1148 3290
1175 3290
1201 3281
1228 3126
1254 2707
1280 2367
1307 2065
1333 1791
1360 1582
1386 1388
1412 1223
1439 1084
1465 959
1491 832
1518 745
1544 680
1571 612
1597 557
1623 503
1650 460
1676 432
1703 392
1729 361
1755 337
1782 320
1819 290
1845 274
1872 263
1898 254
1924 245
1951 244
1977 222
2004 228
2030 205
2056 208
2083 219
2109 211
2136 195
2162 197
2188 197
2215 193
2241 201
2268 191
2294 173
2320 191
2347 187
2373 191
2399 190
2426 188
2452 331
2479 735
2505 1092
2531 1392
2558 1655
2584 1882
2611 2074
2637 2261
2663 2383
2690 2511
2716 2614
2743 2726
2769 2782
2797 2859
2823 2919
2849 2969
2876 3016
2902 3051
2928 3087
2955 3114
2981 3138
3008 3158
3034 3184
3060 3195
3087 3209
3113 3214
3140 3234
3166 3239
3192 3246
3219 3245
3245 3247
3272 3269
3298 3268
3324 3271
3351 3270
3377 3278
3404 3280
3430 3283
3456 3284
3483 3297
3509 3292
3536 3271
3562 3283
3588 3285
3615 3288
3641 3290
3667 3216
3694 2852
3720 2484
3747 2164
3773 1898
3804 1622
3831 1430
3857 1257
3883 1102
3910 951
3936 860
3963 775
3989 695
4015 624
4042 566
4068 513
4095 467
4121 427
4147 397
4174 367
4200 349
4226 325
4253 308
4279 294
4306 262
4332 249
4358 261
4385 243
4411 242
4438 235
4464 219
4490 208
4517 210
4543 209
4570 206
4596 200
4622 199
4649 196
4675 196
4702 201
4728 195
4754 185
4781 192
4808 190
4835 186
4861 201
4887 191
4914 532
4940 914
4967 1236
4993 1532
5019 1790
5046 1976
5072 2157
5099 2314
5125 2447
5151 2562
5178 2664
5204 2750
5231 2825
5257 2890
5283 2936
5310 2985
5336 3037
5363 3071
5389 3099
5415 3126
5442 3151
5468 3169
5494 3192
5521 3204
5547 3205
5574 3228
5600 3229
5626 3247
5653 3248
5679 3256
5706 3258
5732 3265
5758 3276
5785 3274
5824 3273
5850 3257
5877 3296
5903 3286
5929 3292
5956 3285
5982 3285
6009 3303
6035 3290
6061 3298
6088 3291
6114 3292
6141 2888
6167 2514
6193 2194
6220 1922
6246 1677
6273 1477
6299 1299
6325 1143
6352 1013
6378 901
6404 813
6431 726
6457 639
6484 587
6510 529
6536 482
6563 442
6589 407
6616 374
6642 357
6668 324
6695 309
6721 289
6748 276
6774 263
6802 272
