2 1751
45 1699
51 1632
58 1612
64 1669
71 1737
77 1797
83 1840
90 1859
96 1820
103 1745
109 1681
116 1624
122 1630
128 1687
135 1746
141 1801
148 1848
154 1838
161 1773
167 1720
173 1667
180 1613
186 1655
193 1706
199 1762
206 1820
212 1904
218 1815
225 1763
231 1704
238 1600
244 1593
251 1659
257 1721
263 1778
270 1835
276 1859
283 1803
289 1742
296 1690
302 1637
308 1619
315 1676
321 1730
328 1791
334 1843
341 1844
347 1790
353 1725
360 1669
366 1620
373 1638
379 1704
386 1757
392 1809
398 1860
405 1830
411 1770
418 1713
424 1661
431 1606
437 1669
443 1716
450 1766
456 1825
463 1929
469 1807
476 1747
482 1697
488 1666
495 1617
501 1677
508 1722
514 1795
521 1839
527 1856
533 1800
540 1735
546 1681
553 1640
559 1635
566 1689
572 1741
578 1825
585 1855
591 1840
598 1768
604 1722
611 1668
617 1611
623 1657
630 1705
636 1763
643 1817
649 1872
656 1815
662 1763
668 1710
675 1660
681 1633
688 1655
694 1712
701 1779
707 1831
713 1868
720 1804
726 1743
733 1692
739 1635
746 1622
752 1681
758 1741
765 1796
771 1847
778 1847
784 1786
791 1729
797 1672
803 1616
810 1642
816 1697
823 1758
829 1815
836 1865
842 1832
848 1769
855 1714
861 1660
868 1598
874 1656
881 1713
887 1774
893 1823
900 1866
906 1808
913 1747
919 1698
926 1643
932 1615
938 1670
945 1732
951 1787
958 1841
964 1851
972 1779
978 1730
984 1670
991 1597
997 1643
1004 1699
1010 1759
1017 1816
1023 1869
1029 1825
1036 1765
1042 1723
1049 1654
1055 1602
1062 1659
1068 1706
1074 1774
1081 1828
1087 1847
1094 1809
1100 1748
1107 1691
1113 1647
1119 1612
1126 1672
1132 1733
1139 1797
1145 1844
1152 1854
1158 1783
1164 1731
1171 1672
1177 1624
1184 1642
1190 1687
1197 1753
1203 1802
1209 1862
1216 1835
1222 1772
1229 1716
1235 1642
1242 1607
1248 1650
1254 1715
1261 1752
1267 1820
1274 1863
1280 1817
1287 1763
1293 1702
1299 1646
1306 1614
1312 1673
1319 1727
1325 1788
1332 1835
1338 1853
1344 1796
1351 1739
1357 1685
1364 1654
1370 1633
1377 1681
1383 1741
1389 1808
1396 1835
1402 1842
1409 1783
1415 1720
1422 1670
1428 1617
1434 1636
1441 1702
1447 1758
1454 1812
1460 1875
1467 1825
1473 1764
1479 1709
1486 1645
1492 1601
1499 1661
1505 1720
1512 1767
1518 1828
1524 1860
1531 1807
1537 1748
1544 1692
1550 1649
1557 1614
1563 1652
1569 1736
1576 1792
1582 1843
1589 1848
1595 1795
1602 1729
1608 1675
1614 1633
1621 1635
1627 1698
1634 1751
1640 1805
1647 1854
1653 1830
1659 1781
1666 1716
1672 1659
1679 1602
