2 1340
45 1420
51 1478
58 1532
64 1600
70 1665
77 1711
83 1778
90 1831
96 1882
103 1930
109 1972
115 2020
122 2079
128 2099
135 2155
141 2194
148 2229
154 2272
160 2305
167 2339
173 2365
180 2414
186 2436
193 2466
199 2489
205 2520
212 2550
218 2576
225 2595
231 2624
238 2650
244 2689
250 2583
257 2497
263 2399
270 2343
276 2260
283 2185
289 2101
295 2063
302 1981
308 1919
315 1813
321 1799
328 1739
334 1683
340 1624
347 1578
353 1533
360 1484
366 1439
373 1397
379 1357
385 1316
392 1271
398 1239
405 1209
411 1171
418 1123
424 1097
430 1069
437 1033
443 1000
450 970
456 948
463 920
469 894
475 861
482 845
488 821
495 806
501 896
508 980
514 1074
520 1149
527 1223
533 1298
540 1371
546 1430
553 1502
559 1565
565 1627
572 1685
578 1742
585 1797
591 1849
598 1902
604 1955
610 1997
617 2043
623 2079
630 2128
636 2178
643 2209
649 2278
655 2279
662 2319
668 2351
675 2382
681 2423
688 2448
694 2478
700 2503
707 2530
713 2561
720 2586
726 2577
733 2635
739 2656
745 2643
752 2570
758 2466
765 2391
771 2306
779 2225
785 2148
792 2076
798 2008
804 1964
811 1889
817 1824
824 1766
830 1712
837 1655
843 1604
849 1556
856 1506
862 1459
869 1425
875 1378
882 1306
888 1295
894 1238
901 1212
907 1184
914 1142
920 1127
927 1081
933 1058
939 1016
946 968
952 956
959 938
965 900
972 886
978 855
984 826
991 810
997 861
1004 948
1010 1032
1017 1107
1023 1193
1029 1256
1036 1336
1042 1404
1049 1468
1055 1540
1062 1599
1068 1661
1074 1710
1081 1771
1087 1830
1094 1880
1100 1928
1107 1980
1113 2021
1119 2068
1126 2107
1132 2150
1139 2194
1145 2233
1152 2264
1158 2308
1164 2325
1171 2374
1177 2404
1184 2432
1190 2467
1197 2481
1203 2523
1209 2548
1216 2573
1222 2610
1229 2621
1235 2648
1242 2670
1248 2586
1254 2509
1261 2416
1267 2342
1274 2273
1280 2187
1287 2126
1293 2049
1299 1995
1306 1926
1312 1864
1319 1801
1325 1738
1332 1691
1338 1650
1344 1586
1351 1545
1357 1486
1364 1443
1370 1394
1377 1357
1383 1317
1389 1273
1396 1226
1402 1199
1409 1164
1415 1132
1422 1107
1428 1068
1434 1032
1441 1010
1447 996
1454 950
1460 924
1467 890
1473 859
1479 845
1486 824
1492 805
1499 894
1505 985
1512 1055
1518 1145
1524 1219
1531 1286
1537 1360
1544 1425
1550 1499
1557 1558
1563 1624
1569 1680
1576 1737
1582 1791
1589 1839
1595 1892
1602 1944
1608 1997
1614 2039
1621 2082
1627 2125
1634 2168
1640 2210
1647 2244
1653 2280
1659 2314
1666 2349
1672 2387
1679 2421
